  -1.004526062197e+04
  -1.004526062011e+04
  -1.004526061541e+04
  -1.004526060833e+04
  -1.004526060276e+04
  -1.004526059567e+04
  -1.004516233393e+04
  -1.004516188231e+04
  -1.004516134269e+04
  -1.004516121405e+04
  -1.004516113628e+04
  -1.004516110857e+04
  -1.004516109917e+04
  -1.004516099389e+04
  -1.004516097963e+04
  -1.004516094666e+04
  -1.004516092598e+04
  -1.004516088561e+04
  -1.004516086432e+04
  -1.004516079884e+04
  -1.004516079331e+04
  -1.004516077437e+04
  -1.004516073975e+04
  -1.004516070853e+04
  -1.004516067146e+04
  -1.004516064747e+04
  -1.004516064253e+04
  -1.004516060992e+04
  -1.004516059693e+04
  -1.004516050462e+04
  -1.004516050082e+04
  -1.004516049310e+04
  -1.004516027659e+04
  -1.004516017267e+04
  -1.004516011630e+04
  -1.004516002398e+04
  -1.004509463214e+04
  -1.004509454105e+04
  -1.004509436488e+04
  -1.004509427240e+04
  -1.004509408797e+04
  -1.004509390789e+04
  -1.004509356383e+04
  -1.004509336494e+04
  -1.004509333102e+04
  -1.004509317557e+04
  -1.004509316924e+04
  -1.004509314753e+04
  -1.004509312191e+04
  -1.004509305367e+04
  -1.004509300704e+04
  -1.004509298728e+04
  -1.004509272782e+04
  -1.004509255411e+04
  -1.004457044751e+04
  -1.004456975707e+04
  -1.004456369740e+04
  -1.004456293620e+04
  -1.004456237749e+04
  -1.004456175694e+04
  -1.004456108420e+04
  -1.004455545332e+04
  -1.004455366445e+04
  -1.004454534899e+04
  -1.004454406159e+04
  -1.004453843926e+04
  -1.004453761272e+04
  -1.004453722890e+04
  -1.004453614879e+04
  -1.004453487221e+04
  -1.004453087085e+04
  -1.004452835915e+04
  -1.004452514127e+04
  -1.004452112392e+04
  -1.004452083251e+04
  -1.004451836314e+04
  -1.004451797761e+04
  -1.004451647866e+04
  -1.004451564125e+04
  -1.004451520243e+04
  -1.004451507692e+04
  -1.004451423709e+04
  -1.004451422048e+04
  -1.004451381142e+04
  -1.004451275717e+04
  -1.004451188164e+04
  -1.004451186479e+04
  -1.004451169580e+04
  -1.004451110351e+04
  -1.004450902630e+04
  -1.004450871161e+04
  -1.004450861711e+04
  -1.004450856445e+04
  -1.004450801321e+04
  -1.004450787117e+04
  -1.004450774476e+04
  -1.004450753381e+04
  -1.004450747940e+04
  -1.004450672093e+04
  -1.004450588499e+04
  -1.004450512151e+04
  -1.004450497504e+04
  -1.004450456507e+04
  -1.004450416863e+04
  -1.004450376843e+04
  -1.004450354998e+04
  -1.004450276056e+04
  -1.004450248661e+04
  -1.004450165694e+04
  -1.004450114273e+04
  -1.004450077999e+04
  -1.004450014042e+04
  -1.004450004622e+04
  -1.004449992299e+04
  -1.004449912282e+04
  -1.004449812911e+04
  -1.004449793013e+04
  -1.004449718063e+04
  -1.004449555078e+04
  -1.004449493016e+04
  -1.004449467532e+04
  -1.004449461108e+04
  -1.004449412512e+04
  -1.004449392762e+04
  -1.004449381474e+04
  -1.004449271183e+04
  -1.004449202238e+04
  -1.004449081438e+04
  -1.004448834816e+04
  -1.004448794780e+04
  -1.004448756034e+04
  -1.004448716988e+04
  -1.004448614097e+04
  -1.004448490839e+04
  -1.004448265601e+04
  -1.004448004952e+04
  -1.004447964097e+04
  -1.004447961973e+04
  -1.004447952059e+04
  -1.004447924818e+04
  -1.004447800178e+04
  -1.004447760792e+04
  -1.004447741566e+04
  -1.004447737030e+04
  -1.004447586474e+04
  -1.004447584519e+04
  -1.004447517504e+04
  -1.004447459087e+04
  -1.004447429274e+04
  -1.004447266619e+04
  -1.004447266522e+04
  -1.004447181788e+04
  -1.004447055275e+04
  -1.004447050954e+04
  -1.004446994498e+04
  -1.004446986470e+04
  -1.004446913741e+04
  -1.004446836435e+04
  -1.004446820449e+04
  -1.004446645909e+04
  -1.004446600653e+04
  -1.004446530015e+04
  -1.004446418116e+04
  -1.004446335554e+04
  -1.004446315562e+04
  -1.004446252025e+04
  -1.004446223808e+04
  -1.004446148504e+04
  -1.004446010295e+04
  -1.004445923637e+04
  -1.004445915140e+04
  -1.004445894681e+04
  -1.004445815714e+04
  -1.004445724535e+04
  -1.004445713507e+04
  -1.004445694611e+04
  -1.004445590217e+04
  -1.004445500184e+04
  -1.004445479504e+04
  -1.004445477613e+04
  -1.004445327651e+04
  -1.004445288113e+04
  -1.004445231098e+04
  -1.004445216099e+04
  -1.004445168424e+04
  -1.004445136637e+04
  -1.004445057628e+04
  -1.004444982419e+04
  -1.004444958906e+04
  -1.004444957597e+04
  -1.004444893503e+04
  -1.004444644966e+04
  -1.004444609972e+04
  -1.004444551921e+04
  -1.004444544819e+04
  -1.004444540244e+04
  -1.004444510987e+04
  -1.004444500768e+04
  -1.004444476293e+04
  -1.004444418867e+04
  -1.004444341372e+04
  -1.004444228245e+04
  -1.004444162869e+04
  -1.004444047534e+04
  -1.004444020771e+04
  -1.004443985027e+04
  -1.004443952324e+04
  -1.004443934927e+04
  -1.004443872840e+04
  -1.004443868144e+04
  -1.004443858404e+04
  -1.004443815181e+04
  -1.004443734248e+04
  -1.004443709014e+04
  -1.004443672441e+04
  -1.004443628592e+04
  -1.004443554384e+04
  -1.004443515315e+04
  -1.004443420880e+04
  -1.004443381771e+04
  -1.004443344231e+04
  -1.004443319298e+04
  -1.004443300353e+04
  -1.004443267199e+04
  -1.004443225299e+04
  -1.004443178746e+04
  -1.004443163911e+04
  -1.004443123339e+04
  -1.004443093054e+04
  -1.004443005154e+04
  -1.004442982977e+04
  -1.004442968907e+04
  -1.004442953846e+04
  -1.004442920286e+04
  -1.004442856116e+04
  -1.004442831936e+04
  -1.004442801529e+04
  -1.004442784039e+04
  -1.004442712269e+04
  -1.004442700467e+04
  -1.004442616375e+04
  -1.004442584610e+04
  -1.004442575703e+04
  -1.004442453167e+04
  -1.004442355355e+04
  -1.004442353794e+04
  -1.004442325574e+04
  -1.004442280063e+04
  -1.004442249051e+04
  -1.004442198219e+04
  -1.004442111226e+04
  -1.004442025329e+04
  -1.004441531371e+04
  -1.004441219036e+04
  -1.004441039088e+04
  -1.004440855727e+04
  -1.004440726838e+04
  -1.004440592208e+04
  -1.004440546154e+04
  -1.004440494857e+04
  -1.004440290542e+04
  -1.004440288068e+04
  -1.004440280046e+04
  -1.004440096131e+04
  -1.004440053151e+04
  -1.004439931554e+04
  -1.004439929230e+04
  -1.004439736151e+04
  -1.004439723172e+04
  -1.004439606374e+04
  -1.004439600218e+04
  -1.004439528451e+04
  -1.004439484602e+04
  -1.004439357514e+04
  -1.004439157429e+04
  -1.004439152762e+04
  -1.004439110509e+04
  -1.004438938420e+04
  -1.004438910352e+04
  -1.004438822233e+04
  -1.004438580186e+04
  -1.004438571530e+04
  -1.004438570332e+04
  -1.004438400018e+04
  -1.004438265834e+04
  -1.004438133163e+04
  -1.004438031296e+04
  -1.004437961824e+04
  -1.004437904037e+04
  -1.004437822921e+04
  -1.004437766766e+04
  -1.004437623977e+04
  -1.004437593008e+04
  -1.004437530819e+04
  -1.004437461072e+04
  -1.004437262982e+04
  -1.004437258973e+04
  -1.004437181291e+04
  -1.004437165687e+04
  -1.004437030139e+04
  -1.004436997493e+04
  -1.004436887229e+04
  -1.004436816158e+04
  -1.004436756496e+04
  -1.004436673314e+04
  -1.004436587644e+04
  -1.004436544674e+04
  -1.004436515831e+04
  -1.004436491010e+04
  -1.004436332227e+04
  -1.004436313484e+04
  -1.004436312270e+04
  -1.004436282663e+04
  -1.004436230658e+04
  -1.004436073248e+04
  -1.004436048125e+04
  -1.004436030496e+04
  -1.004435956180e+04
  -1.004435819209e+04
  -1.004435800039e+04
  -1.004435768483e+04
  -1.004435588305e+04
  -1.004435376796e+04
  -1.004435326040e+04
